Thread[0] worked 53 iterations.
c runtime = 0.002586 s
use[0] = { 24 46 59 79 110 113 225 }
def[0] = { 20 204 294 }

in[0] = { 4 11 12 16 22 24 25 35 39 46 47 48 50 51 59 65 67 68 70 73 79 82 95 101 110 113 120 124 127 128 132 133 136 141 145 146 149 158 160 161 162 168 171 177 180 190 192 196 200 202 205 206 207 213 225 228 230 231 232 241 242 249 251 262 264 266 268 269 272 277 282 286 289 296 297 299 }
out[0] = { 4 11 12 16 22 24 25 35 39 46 47 48 50 51 59 65 67 68 70 73 79 82 95 101 110 113 120 124 127 128 132 133 136 141 145 146 149 158 160 161 162 168 171 177 180 190 192 196 200 202 205 206 207 213 225 228 230 231 232 241 242 249 251 262 264 266 268 269 272 277 282 286 289 296 297 299 }

use[1] = { 65 180 190 205 228 262 297 }
def[1] = { 93 210 242 }

in[1] = { 65 180 190 205 228 262 297 }
out[1] = { }

use[2] = { 12 171 177 200 213 242 251 }
def[2] = { 8 193 256 }

in[2] = { 4 11 12 16 22 24 25 35 39 46 47 48 50 51 59 65 67 68 70 73 79 82 95 101 110 113 120 124 127 128 132 133 136 141 145 146 149 158 160 161 162 168 171 177 180 190 192 196 200 202 205 206 207 213 225 228 230 231 232 241 242 249 251 262 264 266 268 269 272 277 282 286 289 296 297 299 }
out[2] = { 4 8 11 12 16 22 24 25 35 39 46 47 48 50 51 59 65 67 68 70 73 79 82 95 101 110 113 120 124 127 128 132 133 136 141 145 146 149 158 160 161 162 168 171 177 180 190 192 196 200 202 205 206 207 213 225 228 230 231 232 241 242 249 251 262 264 266 268 269 272 277 282 286 289 296 297 299 }

use[3] = { 25 68 82 128 141 162 196 }
def[3] = { 210 221 241 }

in[3] = { 25 68 82 128 141 162 196 }
out[3] = { }

use[4] = { 1 125 127 171 185 218 280 }
def[4] = { 11 213 240 }

in[4] = { 1 125 127 171 185 218 280 }
out[4] = { }

use[5] = { 11 16 73 95 132 249 296 }
def[5] = { 90 247 283 }

in[5] = { 11 16 73 95 132 249 296 }
out[5] = { }

use[6] = { 22 35 47 50 120 192 232 }
def[6] = { 78 139 253 }

in[6] = { 22 35 47 50 120 192 232 }
out[6] = { }

use[7] = { 55 61 64 74 123 141 245 }
def[7] = { 34 113 183 }

in[7] = { 55 61 64 74 123 141 245 }
out[7] = { }

use[8] = { 113 130 137 235 284 299 }
def[8] = { 22 169 183 }

in[8] = { 6 51 70 113 116 130 137 200 235 236 252 284 299 }
out[8] = { 6 51 70 116 200 236 252 }

use[9] = { 93 107 138 251 258 277 283 }
def[9] = { 129 139 284 }

in[9] = { 93 107 138 251 258 277 283 }
out[9] = { }

use[10] = { 13 21 58 97 159 199 205 }
def[10] = { 14 31 207 }

in[10] = { 13 21 58 97 159 199 205 }
out[10] = { }

use[11] = { 52 60 163 185 204 216 217 }
def[11] = { 30 44 208 }

in[11] = { 52 60 163 185 204 216 217 }
out[11] = { }

use[12] = { 67 124 146 168 206 207 286 }
def[12] = { 96 196 292 }

in[12] = { 4 8 11 12 16 22 24 25 35 39 46 47 48 50 51 59 65 67 68 70 73 79 82 95 101 110 113 120 124 127 128 132 133 136 141 145 146 149 158 160 161 162 168 171 177 180 190 192 200 202 205 206 207 213 225 228 230 231 232 241 242 249 251 262 264 266 268 269 272 277 282 286 289 296 297 299 }
out[12] = { 4 8 11 12 16 22 24 25 35 39 46 47 48 50 51 59 65 67 68 70 73 79 82 95 101 110 113 120 124 127 128 132 133 136 141 145 146 149 158 160 161 162 168 171 177 180 190 192 196 200 202 205 206 207 213 225 228 230 231 232 241 242 249 251 262 264 266 268 269 272 277 282 286 289 296 297 299 }

use[13] = { 50 115 137 146 181 184 283 }
def[13] = { 17 45 244 }

in[13] = { 22 35 47 50 115 120 137 146 181 184 192 232 283 }
out[13] = { 22 35 47 50 120 192 232 }

use[14] = { 50 73 101 145 149 168 231 }
def[14] = { 1 151 }

in[14] = { 4 8 11 12 16 22 24 25 35 39 46 47 48 50 51 59 65 67 68 70 73 79 82 95 101 110 113 120 124 127 128 132 133 136 141 145 146 149 158 160 161 162 168 171 177 180 190 192 196 200 202 205 206 207 213 225 228 230 231 232 241 242 249 251 262 264 266 268 269 272 277 282 286 289 296 297 299 }
out[14] = { 4 8 11 12 16 22 24 25 35 39 46 47 48 50 51 59 65 67 68 70 73 79 82 95 101 110 113 120 124 127 128 132 133 136 141 145 146 149 151 158 160 161 162 168 171 177 180 190 192 196 200 202 205 206 207 213 225 228 230 231 232 241 242 249 251 262 264 266 268 269 272 277 282 286 289 296 297 299 }

use[15] = { 6 47 88 143 154 177 188 }
def[15] = { 68 149 246 }

in[15] = { 6 47 88 143 154 177 188 }
out[15] = { }

use[16] = { 8 127 158 241 251 266 289 }
def[16] = { 24 51 113 }

in[16] = { 8 11 16 73 95 127 132 158 241 249 251 266 289 296 }
out[16] = { 11 16 73 95 132 249 296 }

use[17] = { 30 42 127 210 233 276 295 }
def[17] = { 79 87 134 }

in[17] = { 6 30 42 47 55 60 62 64 65 71 88 90 100 102 127 132 133 135 141 143 154 156 177 188 200 210 224 227 232 233 276 295 }
out[17] = { 6 47 55 60 62 64 65 71 88 90 100 102 132 133 135 141 143 154 156 177 188 200 224 227 232 }

use[18] = { 6 51 70 116 200 236 252 }
def[18] = { 94 159 209 }

in[18] = { 6 51 70 116 200 236 252 }
out[18] = { }

use[19] = { 4 48 136 151 180 205 230 }
def[19] = { 16 84 106 }

in[19] = { 4 48 51 70 136 149 151 180 200 205 230 264 272 289 }
out[19] = { 51 70 149 200 264 272 289 }

use[20] = { 47 58 129 145 159 168 288 }
def[20] = { 174 178 234 }

in[20] = { 6 30 42 47 55 58 60 62 64 65 71 88 90 100 102 127 129 132 133 135 141 143 145 154 156 159 168 177 188 200 210 224 227 232 233 276 288 295 }
out[20] = { 6 30 42 47 55 60 62 64 65 71 88 90 100 102 127 132 133 135 141 143 154 156 177 188 200 210 224 227 232 233 276 295 }

use[21] = { 42 90 103 126 234 277 281 }
def[21] = { 3 142 236 }

in[21] = { 38 42 54 90 97 103 126 133 161 171 202 206 214 234 255 268 269 277 281 }
out[21] = { 38 54 97 133 161 171 202 206 214 255 268 269 277 }

use[22] = { 133 161 202 206 268 269 277 }
def[22] = { 9 97 100 }

in[22] = { 133 161 202 206 268 269 277 }
out[22] = { }

use[23] = { 60 71 100 102 132 200 224 }
def[23] = { 12 199 244 }

in[23] = { 60 71 100 102 132 200 224 }
out[23] = { }

use[24] = { 39 50 59 160 251 282 299 }
def[24] = { 34 91 218 }

in[24] = { 4 8 11 12 16 22 24 25 35 39 46 47 48 50 51 59 65 67 68 70 73 79 82 95 101 110 113 120 124 127 128 132 133 136 141 145 146 149 158 160 161 162 168 171 177 180 190 192 196 200 202 205 206 207 213 225 228 230 231 232 241 242 249 251 262 264 266 268 269 272 277 282 286 289 296 297 299 }
out[24] = { 4 8 11 12 16 22 24 25 35 39 46 47 48 50 51 59 65 67 68 70 73 79 82 95 101 110 113 120 124 127 128 132 133 136 141 145 146 149 158 160 161 162 168 171 177 180 190 192 196 200 202 205 206 207 213 225 228 230 231 232 241 242 249 251 262 264 266 268 269 272 277 282 286 289 296 297 299 }

use[25] = { 51 70 149 200 264 272 289 }
def[25] = { 61 183 282 }

in[25] = { 51 70 149 200 264 272 289 }
out[25] = { }

use[26] = { 62 65 102 133 141 156 }
def[26] = { 44 46 61 }

in[26] = { 60 62 65 71 100 102 132 133 141 156 200 224 }
out[26] = { 60 71 100 102 132 200 224 }

use[27] = { 38 54 97 171 214 255 }
def[27] = { 2 70 87 }

in[27] = { 38 54 97 133 161 171 202 206 214 255 268 269 277 }
out[27] = { 133 161 202 206 268 269 277 }

use[28] = { 39 57 92 162 165 240 271 }
def[28] = { 96 219 255 }

in[28] = { 39 57 92 162 165 240 271 }
out[28] = { }

use[29] = { 55 64 90 100 135 227 232 }
def[29] = { 39 127 297 }

in[29] = { 55 64 90 100 135 227 232 }
out[29] = { }

